version = 'MMult_4x4_4';
MY_MMult = [
40 1.828571e+00 0.000000e+00 
80 1.706667e+00 0.000000e+00 
120 1.804700e+00 0.000000e+00 
160 1.416321e+00 0.000000e+00 
200 1.809341e+00 0.000000e+00 
240 1.802699e+00 0.000000e+00 
280 1.817068e+00 0.000000e+00 
320 1.756338e+00 0.000000e+00 
360 1.787723e+00 0.000000e+00 
400 1.781217e+00 0.000000e+00 
440 1.716762e+00 0.000000e+00 
480 1.208095e+00 0.000000e+00 
520 8.531004e-01 0.000000e+00 
560 4.969031e-01 0.000000e+00 
600 3.505051e-01 0.000000e+00 
640 3.022927e-01 0.000000e+00 
680 2.743723e-01 0.000000e+00 
720 2.623287e-01 0.000000e+00 
760 2.604178e-01 0.000000e+00 
800 2.611916e-01 0.000000e+00 
];
