version = 'MMult_4x4_10';
MY_MMult = [
40 9.142857e+00 2.664535e-15 
80 9.570093e+00 9.769963e-15 
120 1.019469e+01 1.065814e-14 
160 9.637647e+00 1.065814e-14 
200 8.255934e+00 1.421085e-14 
240 8.470588e+00 1.776357e-14 
280 8.443077e+00 1.776357e-14 
320 8.168516e+00 3.019807e-14 
360 8.013741e+00 2.486900e-14 
400 7.864340e+00 3.907985e-14 
440 7.533407e+00 3.197442e-14 
480 6.999715e+00 2.842171e-14 
520 6.408605e+00 4.263256e-14 
560 5.353004e+00 4.618528e-14 
600 4.461243e+00 3.907985e-14 
640 3.298384e+00 4.618528e-14 
680 2.748976e+00 4.973799e-14 
720 2.586557e+00 4.973799e-14 
760 2.362220e+00 7.105427e-14 
800 2.199209e+00 4.973799e-14 
];
