version = 'MMult_4x4_3';
MY_MMult = [
40 1.729730e+00 0.000000e+00 
80 1.780870e+00 0.000000e+00 
120 1.805643e+00 0.000000e+00 
160 1.714525e+00 0.000000e+00 
200 1.809750e+00 0.000000e+00 
240 1.796608e+00 0.000000e+00 
280 1.772467e+00 0.000000e+00 
320 1.751316e+00 0.000000e+00 
360 1.775342e+00 0.000000e+00 
400 1.740218e+00 0.000000e+00 
440 1.685710e+00 0.000000e+00 
480 1.200247e+00 0.000000e+00 
520 8.452057e-01 0.000000e+00 
560 4.937784e-01 0.000000e+00 
600 3.565601e-01 0.000000e+00 
640 2.998701e-01 0.000000e+00 
680 2.744294e-01 0.000000e+00 
720 2.612058e-01 0.000000e+00 
760 2.599985e-01 0.000000e+00 
800 2.598714e-01 0.000000e+00 
];
