version = 'MMult_4x4_5';
MY_MMult = [
40 2.509804e+00 0.000000e+00 
80 2.632391e+00 0.000000e+00 
120 2.586826e+00 0.000000e+00 
160 2.568025e+00 0.000000e+00 
200 2.422407e+00 0.000000e+00 
240 2.409622e+00 0.000000e+00 
280 2.382979e+00 0.000000e+00 
320 2.344842e+00 0.000000e+00 
360 2.321136e+00 0.000000e+00 
400 2.320817e+00 0.000000e+00 
440 2.308384e+00 0.000000e+00 
480 2.265208e+00 0.000000e+00 
520 2.171636e+00 0.000000e+00 
560 2.083165e+00 0.000000e+00 
600 1.871264e+00 0.000000e+00 
640 1.847294e+00 0.000000e+00 
680 1.817820e+00 0.000000e+00 
720 1.769921e+00 0.000000e+00 
760 1.745383e+00 0.000000e+00 
800 1.749701e+00 0.000000e+00 
];
