version = 'MMult0';
MY_MMult = [
40 1.641026e+00 0.000000e+00 
80 1.654281e+00 0.000000e+00 
120 1.767775e+00 0.000000e+00 
160 1.658635e+00 0.000000e+00 
200 1.714163e+00 0.000000e+00 
240 1.710256e+00 0.000000e+00 
280 1.730684e+00 0.000000e+00 
320 1.729136e+00 0.000000e+00 
360 1.694333e+00 0.000000e+00 
400 1.675086e+00 0.000000e+00 
440 1.659698e+00 0.000000e+00 
480 1.177927e+00 0.000000e+00 
520 8.369200e-01 0.000000e+00 
560 4.885489e-01 0.000000e+00 
600 3.577320e-01 0.000000e+00 
640 2.998095e-01 0.000000e+00 
680 2.711998e-01 0.000000e+00 
720 2.592326e-01 0.000000e+00 
760 2.581560e-01 0.000000e+00 
800 2.594251e-01 0.000000e+00 
];
