version = 'MMult_1x4_3';
MY_MMult = [
40 1.802817e+00 0.000000e+00 
80 1.659643e+00 0.000000e+00 
120 1.764165e+00 0.000000e+00 
160 1.790210e+00 0.000000e+00 
200 1.779359e+00 0.000000e+00 
240 1.755094e+00 0.000000e+00 
280 1.758763e+00 0.000000e+00 
320 1.741080e+00 0.000000e+00 
360 1.778422e+00 0.000000e+00 
400 1.754819e+00 0.000000e+00 
440 1.691501e+00 0.000000e+00 
480 1.196404e+00 0.000000e+00 
520 8.420473e-01 0.000000e+00 
560 4.920304e-01 0.000000e+00 
600 3.574171e-01 0.000000e+00 
640 2.998990e-01 0.000000e+00 
680 2.746197e-01 0.000000e+00 
720 2.612484e-01 0.000000e+00 
760 2.601582e-01 0.000000e+00 
800 2.599915e-01 0.000000e+00 
];
