version = 'MMult_1x4_6';
MY_MMult = [
40 4.571429e+00 2.664535e-15 
80 4.284519e+00 9.769963e-15 
120 4.009281e+00 1.065814e-14 
160 4.610017e+00 1.065814e-14 
200 4.129032e+00 1.421085e-14 
240 4.353330e+00 1.776357e-14 
280 4.200536e+00 1.776357e-14 
320 4.068537e+00 3.019807e-14 
360 3.787935e+00 2.486900e-14 
400 3.604618e+00 3.907985e-14 
440 3.302666e+00 3.197442e-14 
480 2.802067e+00 2.842171e-14 
520 2.246403e+00 4.263256e-14 
560 1.652437e+00 4.618528e-14 
600 1.314176e+00 3.907985e-14 
640 1.137830e+00 4.618528e-14 
680 1.050718e+00 4.973799e-14 
720 9.985500e-01 4.973799e-14 
760 9.829794e-01 7.105427e-14 
800 9.757408e-01 4.973799e-14 
];
