version = 'MMult_4x4_9';
MY_MMult = [
40 5.120000e+00 2.664535e-15 
80 4.718894e+00 9.769963e-15 
120 4.994220e+00 1.065814e-14 
160 4.867499e+00 1.065814e-14 
200 4.501970e+00 1.421085e-14 
240 4.418025e+00 1.776357e-14 
280 4.462242e+00 1.776357e-14 
320 4.391610e+00 3.019807e-14 
360 4.317801e+00 2.486900e-14 
400 4.345907e+00 3.907985e-14 
440 4.299074e+00 3.197442e-14 
480 4.129341e+00 2.842171e-14 
520 2.950355e+00 4.263256e-14 
560 3.716898e+00 4.618528e-14 
600 3.472390e+00 3.907985e-14 
640 3.136651e+00 4.618528e-14 
680 3.133806e+00 4.973799e-14 
720 2.893283e+00 4.973799e-14 
760 3.075311e+00 7.105427e-14 
800 3.030778e+00 4.973799e-14 
];
