version = 'MMult1';
MY_MMult = [
40 1.729730e+00 0.000000e+00 
80 1.673203e+00 0.000000e+00 
120 1.793461e+00 0.000000e+00 
160 1.686291e+00 0.000000e+00 
200 1.720060e+00 0.000000e+00 
240 1.728756e+00 0.000000e+00 
280 1.731777e+00 0.000000e+00 
320 1.728544e+00 0.000000e+00 
360 1.714601e+00 0.000000e+00 
400 1.716002e+00 0.000000e+00 
440 1.693738e+00 0.000000e+00 
480 1.215978e+00 0.000000e+00 
520 8.457192e-01 0.000000e+00 
560 4.977968e-01 0.000000e+00 
600 3.591844e-01 0.000000e+00 
640 3.004559e-01 0.000000e+00 
680 2.747445e-01 0.000000e+00 
720 2.602154e-01 0.000000e+00 
760 2.579262e-01 0.000000e+00 
800 2.562650e-01 0.000000e+00 
];
