version = 'MMult_1x4_4';
MY_MMult = [
40 1.753425e+00 0.000000e+00 
80 1.765517e+00 0.000000e+00 
120 1.771399e+00 0.000000e+00 
160 1.415587e+00 0.000000e+00 
200 1.767760e+00 0.000000e+00 
240 1.756990e+00 0.000000e+00 
280 1.748467e+00 0.000000e+00 
320 1.797970e+00 0.000000e+00 
360 1.773554e+00 0.000000e+00 
400 1.759982e+00 0.000000e+00 
440 1.706479e+00 0.000000e+00 
480 1.195499e+00 0.000000e+00 
520 8.364545e-01 0.000000e+00 
560 4.932286e-01 0.000000e+00 
600 3.591237e-01 0.000000e+00 
640 2.999092e-01 0.000000e+00 
680 2.744251e-01 0.000000e+00 
720 2.609191e-01 0.000000e+00 
760 2.601618e-01 0.000000e+00 
800 2.595503e-01 0.000000e+00 
];
