version = 'MMult_4x4_8';
MY_MMult = [
40 4.923077e+00 2.664535e-15 
80 4.740741e+00 9.769963e-15 
120 4.194175e+00 1.065814e-14 
160 4.844471e+00 1.065814e-14 
200 4.045512e+00 1.421085e-14 
240 4.440732e+00 1.776357e-14 
280 4.453642e+00 1.776357e-14 
320 4.202373e+00 3.019807e-14 
360 4.364861e+00 2.486900e-14 
400 4.364132e+00 3.907985e-14 
440 4.303092e+00 3.197442e-14 
480 4.177303e+00 2.842171e-14 
520 3.954439e+00 4.263256e-14 
560 3.659467e+00 4.618528e-14 
600 3.503479e+00 3.907985e-14 
640 3.380410e+00 4.618528e-14 
680 2.869403e+00 4.973799e-14 
720 2.672662e+00 4.973799e-14 
760 3.104531e+00 7.105427e-14 
800 2.665140e+00 4.973799e-14 
];
