version = 'MMult_1x4_7';
MY_MMult = [
40 4.413793e+00 2.664535e-15 
80 4.571429e+00 9.769963e-15 
120 4.632708e+00 1.065814e-14 
160 4.636106e+00 1.065814e-14 
200 4.158004e+00 1.421085e-14 
240 4.378147e+00 1.776357e-14 
280 4.222350e+00 1.776357e-14 
320 3.918680e+00 3.019807e-14 
360 3.815349e+00 2.486900e-14 
400 3.634196e+00 3.907985e-14 
440 3.304780e+00 3.197442e-14 
480 2.733569e+00 2.842171e-14 
520 2.276905e+00 4.263256e-14 
560 1.602833e+00 4.618528e-14 
600 1.300273e+00 3.907985e-14 
640 1.106863e+00 4.618528e-14 
680 1.033653e+00 4.973799e-14 
720 9.831643e-01 4.973799e-14 
760 9.839445e-01 7.105427e-14 
800 9.714200e-01 4.973799e-14 
];
