version = 'MMult_4x4_11';
MY_MMult = [
40 9.846154e+00 2.664535e-15 
80 1.013861e+01 9.769963e-15 
120 1.019469e+01 1.065814e-14 
160 9.917676e+00 1.421085e-14 
200 9.944065e+00 1.776357e-14 
240 9.487989e+00 2.309264e-14 
280 8.858757e+00 3.907985e-14 
320 9.398537e+00 3.907985e-14 
360 9.210542e+00 4.618528e-14 
400 9.225890e+00 4.796163e-14 
440 8.804548e+00 5.151435e-14 
480 9.138324e+00 7.815970e-14 
520 8.961346e+00 7.815970e-14 
560 9.163371e+00 8.171241e-14 
600 9.214821e+00 7.815970e-14 
640 9.233511e+00 9.947598e-14 
680 9.243650e+00 8.526513e-14 
720 9.235726e+00 8.171241e-14 
760 9.106252e+00 9.237056e-14 
800 9.112104e+00 9.947598e-14 
];
