version = 'MMult_4x4_6';
MY_MMult = [
40 5.333333e+00 2.664535e-15 
80 5.120000e+00 9.769963e-15 
120 5.015965e+00 1.065814e-14 
160 4.890746e+00 1.065814e-14 
200 4.532578e+00 1.421085e-14 
240 3.563346e+00 1.776357e-14 
280 4.499283e+00 1.776357e-14 
320 4.448245e+00 3.019807e-14 
360 4.410038e+00 2.486900e-14 
400 4.397568e+00 3.907985e-14 
440 4.325049e+00 3.197442e-14 
480 4.165110e+00 2.842171e-14 
520 4.013644e+00 4.263256e-14 
560 3.686237e+00 4.618528e-14 
600 3.338382e+00 3.907985e-14 
640 3.135394e+00 4.618528e-14 
680 3.284537e+00 4.973799e-14 
720 3.088357e+00 4.973799e-14 
760 2.684433e+00 7.105427e-14 
800 2.902741e+00 4.973799e-14 
];
