version = 'MMult_1x4_9';
MY_MMult = [
40 4.923077e+00 2.664535e-15 
80 4.995122e+00 9.769963e-15 
120 5.442520e+00 1.065814e-14 
160 5.258023e+00 1.065814e-14 
200 4.847016e+00 1.421085e-14 
240 4.984316e+00 1.776357e-14 
280 4.804552e+00 1.776357e-14 
320 4.338121e+00 3.019807e-14 
360 4.036859e+00 2.486900e-14 
400 3.880552e+00 3.907985e-14 
440 3.505947e+00 3.197442e-14 
480 2.909282e+00 2.842171e-14 
520 2.339451e+00 4.263256e-14 
560 1.668672e+00 4.618528e-14 
600 1.295721e+00 3.907985e-14 
640 1.139137e+00 4.618528e-14 
680 1.057579e+00 4.973799e-14 
720 9.994778e-01 4.973799e-14 
760 9.848628e-01 7.105427e-14 
800 9.798452e-01 4.973799e-14 
];
