version = 'MMult2';
MY_MMult = [
40 1.729730e+00 0.000000e+00 
80 1.802817e+00 0.000000e+00 
120 1.833422e+00 0.000000e+00 
160 1.794917e+00 0.000000e+00 
200 1.825650e+00 0.000000e+00 
240 1.820145e+00 0.000000e+00 
280 1.804744e+00 0.000000e+00 
320 1.827857e+00 0.000000e+00 
360 1.715136e+00 0.000000e+00 
400 1.792215e+00 0.000000e+00 
440 1.751712e+00 0.000000e+00 
480 1.210733e+00 0.000000e+00 
520 8.371766e-01 0.000000e+00 
560 4.898387e-01 0.000000e+00 
600 3.572616e-01 0.000000e+00 
640 2.995038e-01 0.000000e+00 
680 2.744335e-01 0.000000e+00 
720 2.610769e-01 0.000000e+00 
760 2.547457e-01 0.000000e+00 
800 2.573347e-01 0.000000e+00 
];
