version = 'MMult_1x4_8';
MY_MMult = [
40 4.923077e+00 2.664535e-15 
80 4.970874e+00 9.769963e-15 
120 5.425432e+00 1.065814e-14 
160 5.316029e+00 1.065814e-14 
200 5.143041e+00 1.421085e-14 
240 4.990614e+00 1.776357e-14 
280 4.773731e+00 1.776357e-14 
320 4.371981e+00 3.019807e-14 
360 4.161070e+00 2.486900e-14 
400 3.883142e+00 3.907985e-14 
440 3.473849e+00 3.197442e-14 
480 2.942020e+00 2.842171e-14 
520 2.327851e+00 4.263256e-14 
560 1.656802e+00 4.618528e-14 
600 1.304825e+00 3.907985e-14 
640 1.142621e+00 4.618528e-14 
680 1.054133e+00 4.973799e-14 
720 1.002631e+00 4.973799e-14 
760 9.870962e-01 7.105427e-14 
800 9.808147e-01 4.973799e-14 
];
