version = 'MMult_4x4_7';
MY_MMult = [
40 4.129032e+00 2.664535e-15 
80 2.892655e+00 9.769963e-15 
120 5.045255e+00 1.065814e-14 
160 4.873290e+00 1.065814e-14 
200 4.561003e+00 1.421085e-14 
240 4.452891e+00 1.776357e-14 
280 4.506210e+00 1.776357e-14 
320 4.408449e+00 3.019807e-14 
360 4.304456e+00 2.486900e-14 
400 4.375769e+00 3.907985e-14 
440 4.311258e+00 3.197442e-14 
480 4.159549e+00 2.842171e-14 
520 3.939206e+00 4.263256e-14 
560 3.758140e+00 4.618528e-14 
600 3.303257e+00 3.907985e-14 
640 3.090209e+00 4.618528e-14 
680 2.663425e+00 4.973799e-14 
720 2.677388e+00 4.973799e-14 
760 3.037760e+00 7.105427e-14 
800 3.037323e+00 4.973799e-14 
];
