version = 'MMult_1x4_5';
MY_MMult = [
40 2.169492e+00 0.000000e+00 
80 2.102669e+00 0.000000e+00 
120 2.051039e+00 0.000000e+00 
160 2.086602e+00 0.000000e+00 
200 2.079272e+00 0.000000e+00 
240 1.963497e+00 0.000000e+00 
280 1.869687e+00 0.000000e+00 
320 1.765042e+00 0.000000e+00 
360 1.743172e+00 0.000000e+00 
400 1.735782e+00 0.000000e+00 
440 1.716450e+00 0.000000e+00 
480 1.636339e+00 0.000000e+00 
520 1.554659e+00 0.000000e+00 
560 1.350420e+00 0.000000e+00 
600 1.188845e+00 0.000000e+00 
640 1.054394e+00 0.000000e+00 
680 9.948900e-01 0.000000e+00 
720 9.419544e-01 0.000000e+00 
760 9.403408e-01 0.000000e+00 
800 9.421151e-01 0.000000e+00 
];
